Problem 1 solution
62
10035
0
10157
0
10182
0
10199
0
10277
0
10455
0
10745
0
10927
0
10977
0
11070
0
11119
0
11323
0
11418
0
11644
139728
11688
139728
11923
139728
12020
139728
12038
139728
12275
139728
12372
139728
12421
139728
12505
139728
12733
139728
12745
139728
12765
139728
12791
139728
12926
139728
12962
139728
13052
139728
13598
139728
13638
139728
13674
167076
13789
167076
13983
167076
14029
167076
14118
167076
14393
253434
14394
253434
14454
253434
14475
412659
14617
412659
14726
412659
14769
412659
14783
412659
14870
412659
14897
412659
14907
412659
14981
412659
15233
412659
15310
412659
15340
412659
15530
412659
15788
412659
15820
412659
15973
412659
16045
412659
16350
412659
16366
412659
16433
412659
16445
412659
16493
412659
16588
412659
16648
412659
16709
412659
16740
412659
16766
412659
16797
412659
16884
412659
16933
412659
17018
412659
17156
412659
17168
412659
17211
429870
17296
429870
17329
516515
17576
516515
17585
516515
17629
516515
17768
516515
17858
516515
17980
516515
18030
516515
18302
516515
18314
516515
18449
516515
18514
516515
18522
516515
18570
516515
18656
516515
18802
516515
18806
516515
18908
516515
18948
516515
19028
763879
19074
763879
19125
763879
19440
763879
19546
763879
19569
763879
19794
942025
19850
942025
19976
942025
20016
942025
20053
942025
20185
962210
20389
962210
20440
962210
20457
962210
20780
962210
20838
962210
21158
962210
21169
962210
21422
962210
21544
962210
21864
962210
21894
962210
21990
962210
22054
962210
22133
962210
22195
962210
22206
962210
22233
962210
22253
962210
22284
962210
22432
962210
22454
962210
22504
962210
22651
962210
22665
962210
22741
962210
22743
962210
22849
962210
22980
962210
23166
962210
23262
962210
23347
962210
23537
1126969
23559
1574590
23617
1574590
23747
1574590
23817
1574590
23830
1574590
23853
1574590
23867
1574590
23895
1574590
23901
1574590
24045
1574590
24096
1574590
24130
1574590
24233
1574590
24277
1574590
24326
1574590
24345
1574590
24565
1574590
24599
1574590
24686
1574590
24700
1574590
24813
1649029
24880
1649029
24897
1649029
24976
1649029
25058
1649029
25104
1649029
25231
1649029
25255
1926834
25416
1926834
25518
1926834
25529
1926834
25569
1926834
25578
1926834
25755
1926834
25887
1926834
26032
1926834
26128
1926834
26151
1926834
26155
1926834
26338
1926834
26342
1926834
26352
1926834
26420
1926834
26442
1926834
26521
1926834
26630
1926834
26704
1926834
27110
1926834
27116
1926834
27151
1926834
27162
1926834
27300
1926834
27423
1926834
27539
1926834
27567
1926834
27712
1926834
28046
1926834
28070
1926834
28090
2432454
28242
2432454
28374
2432454
28527
2432454
28626
2432454
28634
2432454
28664
2432454
28725
2432454
28750
2432454
28752
2432454
28850
2432454
28873
2432454
28895
2432454
29180
2432454
29278
2432454
29289
2432454
29338
2432454
29429
2432454
29577
2432454
29713
2432454
29922
2432454
29972
2432454
30088
2432454
30105
2432454
30183
2432454
30203
2432454
30425
2432454
30656
2432454
30669
2432454
30825
2432454
30851
2432454
31065
2432454
31258
2432454
31274
2964112
31308
2964112
31582
2964112
31602
2964112
31642
2964112
31808
3250384
31910
3250384
31946
3250384
31995
3250384
32140
3250384
32145
3250384
32238
3250384
32282
3250384
32296
3250384
32302
3250384
32305
3250384
32562
3250384
32628
3250384
32693
3250384
32730
3250384
32829
3250384
32872
3250384
32876
3250384
32984
3250384
33033
3250384
33062
3250384
33070
3250384
33168
3250384
33263
3250384
33675
3250384
33687
3250384
33740
3250384
33841
3250384
33961
3250384
34074
3250384
34167
3250384
34368
3250384
34475
3250384
34548
3250384
34580
3250384
34583
3250384
34613
3250384
34668
3250384
34685
3250384
34774
3250384
34897
3250384
35019
3250384
35153
3250384
35184
3250384
35192
3250384
35509
3392420
35520
3392420
35563
3392420
35868
3392420
35903
3392420
36038
3392420
36161
3392420
36207
3645869
36237
3645869
36311
3645869
36328
3645869
36353
3645869
36560
3645869
36599
3645869
36628
3645869
36641
3645869
36822
3645869
36906
3645869
36918
3645869
36962
3645869
36963
3645869
37032
3645869
37065
3645869
37085
3645869
37168
3645869
37184
3645869
37215
3645869
37256
3645869
37265
3645869
37289
3645869
37444
3645869
37792
3645869
37908
3645869
37929
3645869
38077
3645869
38310
3645869
38749
3645869
38816
3645869
38901
3645869
39064
3645869
39222
3645869
39262
3645869
39267
3645869
39269
3645869
39344
3645869
39376
3645869
39404
3645869
39433
3645869
39569
3645869
39649
3645869
39793
3645869
39875
3725619
40005
3725619
40017
3725619
40041
3725619
40271
3725619
40453
3725619
40511
3725619
40561
3725619
40620
3725619
40642
3725619
40817
3725619
40958
3725619
41010
3725619
41083
3725619
41095
3725619
41209
3725619
41230
3725619
41260
3725619
41322
3725619
41470
3725619
41542
3725619
41563
4099686
41620
4099686
41733
4099686
41846
4099686
41848
4099686
41963
4099686
42043
4099686
42162
4099686
42288
4099686
42302
4099686
42426
4099686
42462
4099686
42466
4099686
42568
4099686
42616
4099686
42810
4099686
42922
4099686
42967
4099686
42998
4099686
43026
4099686
43064
4099686
43067
4099686
43173
4099686
43278
4099686
43348
4099686
43479
4099686
43518
4099686
43557
4099686
43601
4099686
43736
4099686
43756
4099686
43800
4099686
43828
4099686
44080
4099686
44093
4099686
44179
4099686
44495
4099686
44529
4856679
44559
4856679
44613
4856679
44692
4856679
44788
4856679
44812
4856679
44954
4856679
44955
4856679
44974
4856679
45186
4856679
45304
4856679
45346
4856679
45439
4856679
45573
4856679
45595
4856679
45773
4856679
45832
4856679
45987
4856679
46008
4856679
46011
4856679
46148
4856679
46178
4856679
46200
4856679
46218
4856679
46278
4856679
46294
4856679
46361
4856679
46436
4856679
46501
4856679
46579
4856679
46677
4856679
46783
4856679
46925
4856679
46937
4856679
46974
4856679
46987
4856679
47016
4856679
47026
4856679
47043
4856679
47309
4856679
47443
4856679
47653
4856679
47719
4856679
47754
4856679
47779
4856679
47882
4856679
47973
4856679
48148
4856679
48195
4856679
48250
4856679
48519
4856679
48657
4856679
48884
4856679
48949
4856679
48964
4856679
49062
4856679
49107
4856679
49155
4856679
49175
4856679
49247
4856679
49424
4856679
49473
4856679
49486
4856679
49489
4856679
49504
4856679
49512
4856679
49534
4856679
49546
4856679
49641
4856679
49710
4856679
49712
4856679
49762
4856679
49914
4856679
50048
4856679
50136
4856679
50141
5608794
50205
5608794
50217
5608794
50332
5608794
50367
5608794
50436
5608794
50452
5608794
50512
5608794
50520
5608794
50656
5608794
50674
5862164
50682
5862164
50688
5862164
50692
5862164
50713
6420007
50774
6420007
50948
6420007
50980
7439607
51026
7439607
51050
7439607
51132
7439607
51236
7439607
51425
7439607
51569
7439607
51608
7439607
51616
7439607
51692
7439607
51728
7439607
51780
7439607
52001
7439607
52344
7439607
52358
7439607
52396
7439607
52443
7439607
52493
7439607
52605
7439607
52708
7439607
52750
7439607
52770
7439607
52782
7439607
52930
7439607
52993
7439607
53030
7439607
53044
7439607
53145
7439607
53210
7439607
53324
8186143
53349
8186143
53388
8186143
53514
8186143
53671
8186143
53735
8186143
53828
8186143
53848
8186143
53937
8186143
54296
8186143
54474
8186143
54609
8186143
54719
8186143
54724
8186143
54925
8186143
55038
8186143
55068
8186143
55149
8186143
55176
8186143
55227
8186143
55426
8186143
55564
8186143
55623
8186143
55650
8186143
55723
8186143
55847
8186143
55863
8186143
55932
8186143
55988
8186143
56009
8186143
56231
8186143
56373
8186143
56642
8186143
56722
8186143
56773
8186143
56890
8186143
56971
8186143
56993
8186143
57169
8186143
57298
8186143
57579
8186143
57630
8186143
57642
8186143
57652
8186143
57671
8186143
57890
8186143
57894
8186143
58041
8186143
58072
8186143
58096
8186143
58399
8186143
58695
8186143
58770
8186143
58887
8186143
58920
8186143
59137
8186143
59228
8186143
59354
8186143
59490
8186143
59824
8186143
60008
8186143
60161
8186143
60226
8186143
60391
8186143
60650
8186143
60708
8186143
60768
8186143
60796
8186143
60842
8186143
60923
8186143
60947
8186143
61064
8186143
61101
8186143
61156
8186143
61169
8186143
61175
8186143
61221
8186143
61436
8186143
61544
8186143
61588
8186143
61650
8186143
61776
8186143
61837
8186143
61842
8186143
61920
8186143
61967
8372044
62012
8372044
62082
8372044
62091
8372044
62181
8372044
62271
8372044
62281
8372044
62309
8372044
62342
8372044
62355
8372044
62372
8372044
62426
8372044
62522
8372044
62591
8372044
62752
8372044
62825
8372044
62981
8372044
63026
8372044
63029
8372044
63175
8372044
63235
8372044
63251
8372044
63375
8372044
63666
8372044
63747
8372044
63899
8372044
63926
8372044
63942
8372044
64047
8372044
64048
8372044
64175
8372044
64221
8372044
64732
8372044
64883
8372044
64899
8372044
64914
8372044
65037
8372044
65082
8372044
65083
8372044
65322
9155908
65356
9155908
65395
9155908
65541
9155908
65619
9155908
65993
9155908
66108
9155908
66305
9155908
66339
9155908
66402
9155908
66452
9155908
66552
9155908
66558
9155908
66618
9155908
66622
9155908
66663
9155908
66667
9155908
66924
9155908
67074
9155908
67121
9155908
67152
9155908
67240
9155908
67254
9155908
67285
9155908
67302
9155908
67367
9155908
67370
9155908
67413
9155908
67432
9155908
67613
9155908
67643
9155908
67695
9155908
67799
9155908
67969
9155908
67972
9155908
68189
9974176
68253
9974176
68265
9974176
68284
9974176
68315
9974176
68369
9974176
68372
9974176
68519
9974176
68768
9974176
68828
9974176
68830
11213116
68843
11213116
68955
11213116
68976
11213116
69085
11213116
69194
11213116
69240
11213116
69281
11213116
69479
11213116
69942
11213116
69968
11213116
69995
11213116
70047
11213116
70074
11213116
70204
11213116
70360
11213116
70419
11213116
70496
11213116
70592
11213116
70600
11213116
70656
11213116
70708
11213116
70753
11213116
70928
11213116
71075
11213116
71169
11213116
71244
11213116
71303
11213116
71475
11213116
71678
11213116
71836
11213116
71867
11213116
72054
11213116
72130
11213116
72249
11213116
72336
11213116
72577
11213116
72647
11213116
72691
11213116
72917
11213116
72947
11213116
73036
11213116
73127
11213116
73434
11213116
73444
11213116
73558
11213116
73601
11213116
73608
11213116
73916
11213116
73919
11213116
73956
11213116
73964
11213116
74055
11213116
74153
11213116
74246
11213116
74377
11213116
74692
11213116
74788
11213116
74831
11213116
74870
11213116
74898
11213116
74923
11213116
74924
11213116
74953
11213116
74962
11213116
75009
11213116
75094
11213116
75184
11213116
75378
11213116
75404
11213116
75472
11213116
75531
11213116
75684
11213116
75794
11213116
75858
11213116
75875
11213116
75911
11213116
75997
11213116
76036
11213116
76047
11213116
76126
11213116
76171
11213116
76173
11213116
76255
11213116
76258
11213116
76319
11213116
76373
11213116
76433
11213116
76460
11213116
76489
11213116
76971
11213116
77221
11213116
77501
11213116
77868
12459004
77873
12459004
77902
12459004
78018
12459004
78021
12459004
78061
12459004
78101
12459004
78206
12459004
78239
12459004
78247
12459004
78276
12459004
78294
13711708
78315
13711708
78389
13711708
78439
13711708
78580
13711708
78656
13711708
78666
13711708
78856
13711708
79176
13711708
79243
13711708
79313
13711708
79322
13711708
79415
13711708
79688
13711708
79982
13711708
80006
13711708
80153
13711708
80155
13711708
80189
13711708
80208
13711708
80209
13711708
80224
13711708
80298
13711708
80479
13711708
80545
13711708
80675
13711708
80735
13711708
80898
13711708
80907
13711708
80976
13711708
81119
13711708
81123
13711708
81196
13711708
81215
13711708
81275
13711708
81350
13711708
81443
13711708
81598
13711708
81625
13711708
81836
13711708
81846
13711708
81871
13711708
81994
13711708
82222
13711708
82288
13711708
82450
13711708
82578
13711708
82592
13711708
82605
13711708
82730
13711708
82977
13711708
83009
13711708
83161
13711708
83211
13711708
83258
13711708
83264
13711708
83357
13711708
83437
13711708
83519
13711708
83586
13711708
83588
13711708
83812
13711708
83891
13711708
83922
13711708
83942
13711708
83958
13711708
84065
13711708
84178
13711708
84214
13711708
84222
13711708
84223
13711708
84713
13711708
85035
13711708
85637
13711708
85721
13711708
85926
13711708
85932
13711708
85938
13711708
86088
13711708
86176
13711708
86205
13711708
86267
13711708
86348
13711708
86435
13711708
86995
14581658
87254
14581658
87307
14581658
87344
14581658
87364
14581658
87523
14581658
87621
14581658
87646
14581658
87689
14581658
87830
14581658
87987
15813476
87994
15813476
88124
15813476
88140
15813476
88155
15813476
88205
15813476
88381
15813476
88418
15813476
88449
15813476
88519
15813476
88684
15813476
88775
15813476
88856
15813476
88912
16258036
88934
16258036
89026
16258036
89051
16258036
89068
16258036
89091
16258036
89346
16258036
89371
16258036
89426
16258036
89435
16258036
89749
16258036
89795
17694756
89881
17694756
89922
17694756
89938
17694756
90101
17694756
90255
18416796
90404
18416796
90521
18416796
90705
18416796
90724
18416796
91249
18416796
91314
18416796
91507
18416796
91562
18416796
91709
18416796
91784
18416796
92019
18416796
92054
18416796
92077
18416796
92099
18416796
92150
18416796
92546
18416796
92869
19345486
92923
19345486
93000
19345486
93111
19345486
93209
19345486
93231
19345486
93517
19345486
93607
19345486
93644
19345486
93653
21124893
93716
21124893
93760
21124893
93909
21124893
93917
21124893
94028
21124893
94063
21124893
94280
21124893
94668
21124893
94670
21124893
94680
21124893
94689
21124893
94697
21124893
94733
21124893
94778
21124893
94894
21124893
94954
21124893
95204
21124893
95278
21124893
95318
21124893
95402
21124893
95464
21124893
95596
21124893
95656
21124893
95812
21124893
95853
21124893
96043
21124893
96101
23046913
96166
23046913
96272
23046913
96299
23046913
96351
23046913
96428
23046913
96480
23046913
96528
23046913
96731
23046913
96806
23046913
96823
23046913
97130
23046913
97178
23046913
97201
23046913
97283
23046913
97490
23046913
97533
23046913
97647
23046913
97686
23046913
97751
23046913
97828
23046913
97836
23046913
97888
23046913
98022
23046913
98042
23046913
98080
23046913
98413
23046913
98537
23046913
98564
23046913
98854
23046913
98961
23046913
98964
23046913
99051
23046913
99194
23046913
99351
23046913
99450
23046913
99464
23046913
99522
23046913
99645
23046913
99662
23046913
99689
23046913
99694
23046913
99959
23046913
Problem 2 solution
23046913
